=== MVU positions ===
[28906, 33838, 53162, 53273, 69650, 113928, 131219, 131276, 131531, 131553, 136123, 136566, 136791, 136859, 136968, 137002, 137017, 203119, 203448, 203676, 203754, 203805, 212681, 213109, 213335, 213407, 213454, 213525, 213575, 214349, 214486, 214896, 215206, 215273, 215323, 219689, 220093, 220397, 221163, 221566, 221892, 226377, 226797, 227147, 228041, 228345, 228586, 228903, 228996, 232425, 232904, 235889, 237282, 237748, 237778, 238198, 238905, 239781, 239826, 239850, 239867, 239881, 240107, 240158, 246073, 291880, 291895, 291925, 294409, 294510, 295577, 314530, 314545, 315593, 315627, 316107, 340520, 369614, 383224, 383978, 385508, 385596, 387560, 393990, 403336, 830891, 1331870, 1540034, 1820190, 2027277, 2047867, 2124933, 2508804, 2529121, 2975689, 3034459, 3208899, 3511602, 3642197, 4211206]
Total MVU occurrences: 100

MVU前端状态栏: 2 occurrences, positions: [228586, 232425]

MVU变量: 38 occurrences, positions: [131219, 131276, 131531, 131553, 136566, 136968, 137002, 137017, 203448, 203676]

MVU自查: 6 occurrences, positions: [212681, 214486, 219689, 221163, 226377, 228041]

MVU状态栏: 1 occurrences, positions: [369614]

变量系统: 2 occurrences, positions: [136971, 228348]

状态变量输出: 0 occurrences, positions: []

初始变量: 20 occurrences, positions: [53182, 204390, 212374, 212910, 212922, 213112, 213338, 213410, 213457, 213604]

initvar: 8 occurrences, positions: [109663, 213357, 213394, 213466, 213952, 214273, 214359, 214734]

status_current_variable: 6 occurrences, positions: [109811, 109881, 220481, 220552, 220632, 220703]
